   1.22661448       0.00000000    
   1.21489835       100.000000    
   1.20326936       200.000000    
   1.19172454       300.000000    
   1.18026543       400.000000    
   1.16889107       500.000000    
   1.15759969       600.000000    
   1.14639294       700.000000    
   1.13526845       800.000000    
   1.12422740       900.000000    
   1.11326849       1000.00000    
   1.10239160       1100.00000    
   1.09159625       1200.00000    
   1.08088183       1300.00000    
   1.07024825       1400.00000    
   1.05969453       1500.00000    
   1.04922104       1600.00000    
   1.03882623       1700.00000    
   1.02851117       1800.00000    
   1.01827455       1900.00000    
   1.00811541       2000.00000    
  0.998034775       2100.00000    
  0.988030612       2200.00000    
  0.978103876       2300.00000    
  0.968253434       2400.00000    
  0.958479404       2500.00000    
  0.948780775       2600.00000    
  0.939157486       2700.00000    
  0.929609239       2800.00000    
  0.920135081       2900.00000    
  0.910735190       3000.00000    
  0.901408792       3100.00000    
  0.892155826       3200.00000    
  0.882975161       3300.00000    
  0.873867691       3400.00000    
  0.864831984       3500.00000    
  0.855867505       3600.00000    
  0.846975029       3700.00000    
  0.838152707       3800.00000    
  0.829401314       3900.00000    
  0.820719838       4000.00000    
  0.812108099       4100.00000    
  0.803565800       4200.00000    
  0.795092165       4300.00000    
  0.786687315       4400.00000    
  0.778350294       4500.00000    
  0.770081282       4600.00000    
  0.761879504       4700.00000    
  0.753744841       4800.00000    
  0.745676339       4900.00000    
  0.737674892       5000.00000    
  0.729738951       5100.00000    
  0.721868038       5200.00000    
  0.714062989       5300.00000    
  0.706322134       5400.00000    
  0.698645711       5500.00000    
  0.691033483       5600.00000    
  0.683484674       5700.00000    
  0.675999224       5800.00000    
  0.668576598       5900.00000    
  0.661216617       6000.00000    
  0.653918743       6100.00000    
  0.646682441       6200.00000    
  0.639507592       6300.00000    
  0.632394016       6400.00000    
  0.625340939       6500.00000    
  0.618348420       6600.00000    
  0.611415803       6700.00000    
  0.604542673       6800.00000    
  0.597729027       6900.00000    
  0.590974033       7000.00000    
  0.584277570       7100.00000    
  0.577639580       7200.00000    
  0.571059287       7300.00000    
  0.564536512       7400.00000    
  0.558071077       7500.00000    
  0.551662087       7600.00000    
  0.545309901       7700.00000    
  0.539013505       7800.00000    
  0.532772958       7900.00000    
  0.526588023       8000.00000    
  0.520458162       8100.00000    
  0.514382660       8200.00000    
  0.508362114       8300.00000    
  0.502395272       8400.00000    
  0.496482342       8500.00000    
  0.490622580       8600.00000    
  0.484815955       8700.00000    
  0.479062289       8800.00000    
  0.473360598       8900.00000    
  0.467711240       9000.00000    
  0.462113649       9100.00000    
  0.456567258       9200.00000    
  0.451072007       9300.00000    
  0.445627600       9400.00000    
  0.440233618       9500.00000    
  0.434889555       9600.00000    
  0.429595441       9700.00000    
  0.424350590       9800.00000    
  0.419155091       9900.00000    
  0.414008170       10000.0000    
  0.408909768       10100.0000    
  0.403859854       10200.0000    
  0.398857355       10300.0000    
  0.393902808       10400.0000    
  0.388995051       10500.0000    
  0.384134501       10600.0000    
  0.379320562       10700.0000    
  0.374552757       10800.0000    
  0.369831085       10900.0000    
  0.365154982       11000.0000    
  0.359818459       11100.0000    
  0.354213387       11200.0000    
  0.348695666       11300.0000    
  0.343263894       11400.0000    
  0.337916762       11500.0000    
  0.332652867       11600.0000    
  0.327471018       11700.0000    
  0.322369874       11800.0000    
  0.317348152       11900.0000    
  0.312404722       12000.0000    
  0.307538271       12100.0000    
  0.302747637       12200.0000    
  0.298031598       12300.0000    
  0.293389052       12400.0000    
  0.288818836       12500.0000    
  0.284319729       12600.0000    
  0.279890805       12700.0000    
  0.275530845       12800.0000    
  0.271238774       12900.0000    
  0.267013580       13000.0000    
  0.262854248       13100.0000    
  0.258759618       13200.0000    
  0.254728854       13300.0000    
  0.250760794       13400.0000    
  0.246854663       13500.0000    
  0.243009254       13600.0000    
  0.239223793       13700.0000    
  0.235497326       13800.0000    
  0.231828868       13900.0000    
  0.228217617       14000.0000    
  0.224662572       14100.0000    
  0.221162930       14200.0000    
  0.217717767       14300.0000    
  0.214326277       14400.0000    
  0.210987657       14500.0000    
  0.207700998       14600.0000    
  0.204465583       14700.0000    
  0.201280504       14800.0000    
  0.198145106       14900.0000    
  0.195058525       15000.0000    
  0.192019999       15100.0000    
  0.189028844       15200.0000    
  0.186084256       15300.0000    
  0.183185562       15400.0000    
  0.180331990       15500.0000    
  0.177522883       15600.0000    
  0.174757540       15700.0000    
  0.172035277       15800.0000    
  0.169355422       15900.0000    
  0.166717291       16000.0000    
  0.164120287       16100.0000    
  0.161563709       16200.0000    
  0.159046948       16300.0000    
  0.156569421       16400.0000    
  0.154130474       16500.0000    
  0.151729539       16600.0000    
  0.149365976       16700.0000    
  0.147039264       16800.0000    
  0.144748777       16900.0000    
  0.142493933       17000.0000    
  0.140274271       17100.0000    
  0.138089150       17200.0000    
  0.135938093       17300.0000    
  0.133820519       17400.0000    
  0.131735951       17500.0000    
  0.129683837       17600.0000    
  0.127663687       17700.0000    
  0.125675052       17800.0000    
  0.123717345       17900.0000    
  0.121790163       18000.0000    
  0.119892977       18100.0000    
  0.118025377       18200.0000    
  0.116186842       18300.0000    
  0.114376940       18400.0000    
  0.112595260       18500.0000    
  0.110841297       18600.0000    
  0.109114699       18700.0000    
  0.107414968       18800.0000    
  0.105741739       18900.0000    
  0.104094543       19000.0000    
  0.102473006       19100.0000    
  0.100876763       19200.0000    
   9.93053466E-02   19300.0000    
   9.77584496E-02   19400.0000    
   9.62356180E-02   19500.0000    
   9.47365314E-02   19600.0000    
   9.32607651E-02   19700.0000    
   9.18080062E-02   19800.0000    
   9.03778896E-02   19900.0000    
   8.89700204E-02   20000.0000    
   8.75841081E-02   20100.0000    
   8.62197727E-02   20200.0000    
   8.48767012E-02   20300.0000    
   8.35545361E-02   20400.0000    
   8.22529718E-02   20500.0000    
   8.09716880E-02   20600.0000    
   7.97103494E-02   20700.0000    
   7.84686878E-02   20800.0000    
   7.72463381E-02   20900.0000    
   7.60430545E-02   21000.0000    
   7.48584941E-02   21100.0000    
   7.36923814E-02   21200.0000    
   7.25444555E-02   21300.0000    
   7.14143962E-02   21400.0000    
   7.03019574E-02   21500.0000    
   6.92068264E-02   21600.0000    
   6.81287795E-02   21700.0000    
   6.70674965E-02   21800.0000    
   6.60227612E-02   21900.0000    
   6.49942979E-02   22000.0000    
   6.39818534E-02   22100.0000    
   6.29851893E-02   22200.0000    
   6.20040409E-02   22300.0000    
   6.10381737E-02   22400.0000    
   6.00873679E-02   22500.0000    
   5.91513552E-02   22600.0000    
   5.82299381E-02   22700.0000    
   5.73228598E-02   22800.0000    
   5.64299263E-02   22900.0000    
   5.55508882E-02   23000.0000    
   5.46855479E-02   23100.0000    
   5.38336933E-02   23200.0000    
   5.29951006E-02   23300.0000    
   5.21695837E-02   23400.0000    
   5.13569154E-02   23500.0000    
   5.05569093E-02   23600.0000    
   4.97693606E-02   23700.0000    
   4.89940792E-02   23800.0000    
   4.82308865E-02   23900.0000    
   4.74795699E-02   24000.0000    
   4.67399620E-02   24100.0000    
   4.60118726E-02   24200.0000    
   4.52951379E-02   24300.0000    
   4.45895530E-02   24400.0000    
   4.38949578E-02   24500.0000    
   4.32111956E-02   24600.0000    
   4.25380729E-02   24700.0000    
   4.18754444E-02   24800.0000    
   4.12231311E-02   24900.0000    
   4.05809879E-02   25000.0000    
   3.92688029E-02   25100.0000    
   3.86044607E-02   25200.0000    
   3.79523039E-02   25300.0000    
   3.73119898E-02   25400.0000    
   3.66833359E-02   25500.0000    
   3.60661037E-02   25600.0000    
   3.54600847E-02   25700.0000    
   3.48650627E-02   25800.0000    
   3.42808552E-02   25900.0000    
   3.37071232E-02   26000.0000    
   3.31438445E-02   26100.0000    
   3.25906798E-02   26200.0000    
   3.20474766E-02   26300.0000    
   3.15140933E-02   26400.0000    
   3.09902057E-02   26500.0000    
   3.04758027E-02   26600.0000    
   2.99705695E-02   26700.0000    
   2.94743776E-02   26800.0000    
   2.89870556E-02   26900.0000    
   2.85084229E-02   27000.0000    
   2.80383211E-02   27100.0000    
   2.75766291E-02   27200.0000    
   2.71231011E-02   27300.0000    
   2.66776253E-02   27400.0000    
   2.62400471E-02   27500.0000    
   2.58102119E-02   27600.0000    
   2.53879745E-02   27700.0000    
   2.49732286E-02   27800.0000    
   2.45657619E-02   27900.0000    
   2.41654720E-02   28000.0000    
   2.37722229E-02   28100.0000    
   2.33858787E-02   28200.0000    
   2.30063442E-02   28300.0000    
   2.26333942E-02   28400.0000    
   2.22670306E-02   28500.0000    
   2.19070390E-02   28600.0000    
   2.15533264E-02   28700.0000    
   2.12057792E-02   28800.0000    
   2.08642837E-02   28900.0000    
   2.05287207E-02   29000.0000    
   2.01990101E-02   29100.0000    
   1.98749863E-02   29200.0000    
   1.95565745E-02   29300.0000    
   1.92436706E-02   29400.0000    
   1.89361684E-02   29500.0000    
   1.86339691E-02   29600.0000    
   1.83370020E-02   29700.0000    
   1.80451162E-02   29800.0000    
   1.77582465E-02   29900.0000    
   1.74762998E-02   30000.0000    
   1.71991829E-02   30100.0000    
   1.69268344E-02   30200.0000    
   1.66591164E-02   30300.0000    
   1.63959675E-02   30400.0000    
   1.61373056E-02   30500.0000    
   1.58830509E-02   30600.0000    
   1.56331193E-02   30700.0000    
   1.53874280E-02   30800.0000    
   1.51459081E-02   30900.0000    
   1.49085009E-02   31000.0000    
   1.46750892E-02   31100.0000    
   1.44456206E-02   31200.0000    
   1.42200282E-02   31300.0000    
   1.39982365E-02   31400.0000    
   1.37801785E-02   31500.0000    
   1.35658029E-02   31600.0000    
   1.33550130E-02   31700.0000    
   1.31477565E-02   31800.0000    
   1.29439728E-02   31900.0000    
   1.27435960E-02   32000.0000    
   1.25465859E-02   32100.0000    
   1.23528466E-02   32200.0000    
   1.21623361E-02   32300.0000    
   1.19749960E-02   32400.0000    
   1.17907710E-02   32500.0000    
   1.16096064E-02   32600.0000    
   1.14314463E-02   32700.0000    
   1.12562357E-02   32800.0000    
   1.10839410E-02   32900.0000    
   1.09144757E-02   33000.0000    
   1.07478071E-02   33100.0000    
   1.05838887E-02   33200.0000    
   1.04226656E-02   33300.0000    
   1.02641080E-02   33400.0000    
   1.01081412E-02   33500.0000    
   9.95473191E-03   33600.0000    
   9.80383717E-03   33700.0000    
   9.65540856E-03   33800.0000    
   9.50940885E-03   33900.0000    
   9.36580170E-03   34000.0000    
   9.22452472E-03   34100.0000    
   9.08554718E-03   34200.0000    
   8.94883182E-03   34300.0000    
   8.81433487E-03   34400.0000    
   8.68202094E-03   34500.0000    
   8.55186023E-03   34600.0000    
   8.42378661E-03   34700.0000    
   8.29780288E-03   34800.0000    
   8.17384291E-03   34900.0000    
   8.05188250E-03   35000.0000    
   7.93188624E-03   35100.0000    
   7.81382062E-03   35200.0000    
   7.69766141E-03   35300.0000    
   7.58335460E-03   35400.0000    
   7.47088250E-03   35500.0000    
   7.36021111E-03   35600.0000    
   7.25130830E-03   35700.0000    
   7.14414520E-03   35800.0000    
   7.03869993E-03   35900.0000    
   6.93492685E-03   36000.0000    
   6.83280453E-03   36100.0000    
   6.73230505E-03   36200.0000    
   6.63340185E-03   36300.0000    
   6.53606839E-03   36400.0000    
   6.44028233E-03   36500.0000    
   6.34599710E-03   36600.0000    
   6.25321688E-03   36700.0000    
   6.16189325E-03   36800.0000    
   6.07200805E-03   36900.0000    
   5.98354777E-03   37000.0000    
   5.89646352E-03   37100.0000    
   5.81076089E-03   37200.0000    
   5.72639704E-03   37300.0000    
   5.64335473E-03   37400.0000    
   5.56161255E-03   37500.0000    
   5.48114767E-03   37600.0000    
   5.40193962E-03   37700.0000    
   5.32397442E-03   37800.0000    
   5.24721714E-03   37900.0000    
   5.17165428E-03   38000.0000    
   5.09726675E-03   38100.0000    
   5.02403360E-03   38200.0000    
   4.95194178E-03   38300.0000    
   4.88096103E-03   38400.0000    
   4.81107272E-03   38500.0000    
   4.74227127E-03   38600.0000    
   4.67453664E-03   38700.0000    
   4.60784044E-03   38800.0000    
   4.54217801E-03   38900.0000    
   4.47751395E-03   39000.0000    
   4.41385107E-03   39100.0000    
   4.35116794E-03   39200.0000    
   4.28944174E-03   39300.0000    
   4.22866596E-03   39400.0000    
   4.16880986E-03   39500.0000    
   4.10987204E-03   39600.0000    
   4.05183993E-03   39700.0000    
   3.99468653E-03   39800.0000    
   3.93840484E-03   39900.0000    
   3.88297788E-03   40000.0000    
   3.82839376E-03   40100.0000    
   3.77463759E-03   40200.0000    
   3.72170028E-03   40300.0000    
   3.66955623E-03   40400.0000    
   3.61820939E-03   40500.0000    
   3.56763368E-03   40600.0000    
   3.51782097E-03   40700.0000    
   3.46876332E-03   40800.0000    
   3.42043652E-03   40900.0000    
   3.37284408E-03   41000.0000    
   3.32596316E-03   41100.0000    
   3.27978446E-03   41200.0000    
   3.23429541E-03   41300.0000    
   3.18949437E-03   41400.0000    
   3.14535899E-03   41500.0000    
   3.10188788E-03   41600.0000    
   3.05906055E-03   41700.0000    
   3.01686884E-03   41800.0000    
   2.97531136E-03   41900.0000    
   2.93436949E-03   42000.0000    
   2.89403857E-03   42100.0000    
   2.85430253E-03   42200.0000    
   2.81515252E-03   42300.0000    
   2.77658552E-03   42400.0000    
   2.73859245E-03   42500.0000    
   2.70115607E-03   42600.0000    
   2.66427663E-03   42700.0000    
   2.62793433E-03   42800.0000    
   2.59212963E-03   42900.0000    
   2.55685556E-03   43000.0000    
   2.52209511E-03   43100.0000    
   2.48784944E-03   43200.0000    
   2.45409925E-03   43300.0000    
   2.42084591E-03   43400.0000    
   2.38807965E-03   43500.0000    
   2.35579466E-03   43600.0000    
   2.32398091E-03   43700.0000    
   2.29262561E-03   43800.0000    
   2.26172875E-03   43900.0000    
   2.23128288E-03   44000.0000    
   2.20128126E-03   44100.0000    
   2.17170967E-03   44200.0000    
   2.14257278E-03   44300.0000    
   2.11385475E-03   44400.0000    
   2.08555278E-03   44500.0000    
   2.05765734E-03   44600.0000    
   2.03016913E-03   44700.0000    
   2.00307742E-03   44800.0000    
   1.97637384E-03   44900.0000    
   1.95005478E-03   45000.0000    
   1.92411162E-03   45100.0000    
   1.89854566E-03   45200.0000    
   1.87334628E-03   45300.0000    
   1.84850546E-03   45400.0000    
   1.82402064E-03   45500.0000    
   1.79988425E-03   45600.0000    
   1.77609618E-03   45700.0000    
   1.75264594E-03   45800.0000    
   1.72953133E-03   45900.0000    
   1.70674431E-03   46000.0000    
   1.68427918E-03   46100.0000    
   1.66213559E-03   46200.0000    
   1.64030807E-03   46300.0000    
   1.61878963E-03   46400.0000    
   1.59757456E-03   46500.0000    
   1.57665776E-03   46600.0000    
   1.55603839E-03   46700.0000    
   1.53571146E-03   46800.0000    
   1.51566998E-03   46900.0000    
   1.49591221E-03   47000.0000    
   1.47642952E-03   47100.0000    
   1.45722216E-03   47200.0000    
   1.43828476E-03   47300.0000    
   1.41961442E-03   47400.0000    
   1.40120601E-03   47500.0000    
   1.38305197E-03   47600.0000    
   1.36515324E-03   47700.0000    
   1.34750479E-03   47800.0000    
   1.33010419E-03   47900.0000    
   1.31294329E-03   48000.0000    
   1.29602419E-03   48100.0000    
   1.27933908E-03   48200.0000    
   1.26288552E-03   48300.0000    
   1.24665955E-03   48400.0000    
   1.23066129E-03   48500.0000    
   1.21488457E-03   48600.0000    
   1.19932485E-03   48700.0000    
   1.18398026E-03   48800.0000    
   1.16884650E-03   48900.0000    
   1.15392404E-03   49000.0000    
   1.13920704E-03   49100.0000    
   1.12469168E-03   49200.0000    
   1.11037586E-03   49300.0000    
   1.09625584E-03   49400.0000    
   1.08233071E-03   49500.0000    
   1.06859754E-03   49600.0000    
   1.05505274E-03   49700.0000    
   1.04169198E-03   49800.0000    
   1.02851284E-03   49900.0000    
   1.01551472E-03   50000.0000    
