   101.400993       0.00000000    
   100.206238       100.000000    
   99.0230179       200.000000    
   97.8510361       300.000000    
   96.6903839       400.000000    
   95.5409241       500.000000    
   94.4024658       600.000000    
   93.2751083       700.000000    
   92.1585846       800.000000    
   91.0529709       900.000000    
   89.9580917       1000.00000    
   88.8739243       1100.00000    
   87.8003616       1200.00000    
   86.7373047       1300.00000    
   85.6847153       1400.00000    
   84.6424637       1500.00000    
   83.6105347       1600.00000    
   82.5887604       1700.00000    
   81.5771942       1800.00000    
   80.5756683       1900.00000    
   79.5840607       2000.00000    
   78.6024399       2100.00000    
   77.6305695       2200.00000    
   76.6684952       2300.00000    
   75.7160797       2400.00000    
   74.7733002       2500.00000    
   73.8400192       2600.00000    
   72.9162064       2700.00000    
   72.0017929       2800.00000    
   71.0966492       2900.00000    
   70.2007675       3000.00000    
   69.3140335       3100.00000    
   68.4364090       3200.00000    
   67.5677567       3300.00000    
   66.7081223       3400.00000    
   65.8573380       3500.00000    
   65.0153275       3600.00000    
   64.1821136       3700.00000    
   63.3575096       3800.00000    
   62.5415421       3900.00000    
   61.7340889       4000.00000    
   60.9351082       4100.00000    
   60.1445312       4200.00000    
   59.3622589       4300.00000    
   58.5882645       4400.00000    
   57.8224373       4500.00000    
   57.0647621       4600.00000    
   56.3151283       4700.00000    
   55.5735054       4800.00000    
   54.8397713       4900.00000    
   54.1139603       5000.00000    
   53.3959274       5100.00000    
   52.6855888       5200.00000    
   51.9829826       5300.00000    
   51.2879410       5400.00000    
   50.6004448       5500.00000    
   49.9204521       5600.00000    
   49.2478561       5700.00000    
   48.5826340       5800.00000    
   47.9246941       5900.00000    
   47.2740021       6000.00000    
   46.6304779       6100.00000    
   45.9940567       6200.00000    
   45.3646812       6300.00000    
   44.7423172       6400.00000    
   44.1268654       6500.00000    
   43.5183067       6600.00000    
   42.9165611       6700.00000    
   42.3215561       6800.00000    
   41.7332611       6900.00000    
   41.1515923       7000.00000    
   40.5765038       7100.00000    
   40.0079575       7200.00000    
   39.4458656       7300.00000    
   38.8901939       7400.00000    
   38.3408852       7500.00000    
   37.7978554       7600.00000    
   37.2610893       7700.00000    
   36.7304955       7800.00000    
   36.2060356       7900.00000    
   35.6876717       8000.00000    
   35.1753349       8100.00000    
   34.6689415       8200.00000    
   34.1685066       8300.00000    
   33.6739120       8400.00000    
   33.1851425       8500.00000    
   32.7021217       8600.00000    
   32.2248116       8700.00000    
   31.7531796       8800.00000    
   31.2871189       8900.00000    
   30.8266354       9000.00000    
   30.3716545       9100.00000    
   29.9221153       9200.00000    
   29.4779816       9300.00000    
   29.0392113       9400.00000    
   28.6057434       9500.00000    
   28.1775169       9600.00000    
   27.7545090       9700.00000    
   27.3366489       9800.00000    
   26.9239063       9900.00000    
   26.5162144       10000.0000    
   26.1135349       10100.0000    
   25.7158432       10200.0000    
   25.3230400       10300.0000    
   24.9351387       10400.0000    
   24.5520325       10500.0000    
   24.1737270       10600.0000    
   23.8001556       10700.0000    
   23.4312630       10800.0000    
   23.0670223       10900.0000    
   22.7073727       11000.0000    
   22.3641644       11100.0000    
   22.0157871       11200.0000    
   21.6728382       11300.0000    
   21.3352318       11400.0000    
   21.0028858       11500.0000    
   20.6757145       11600.0000    
   20.3536415       11700.0000    
   20.0365849       11800.0000    
   19.7244644       11900.0000    
   19.4172096       12000.0000    
   19.1147404       12100.0000    
   18.8169842       12200.0000    
   18.5238628       12300.0000    
   18.2353096       12400.0000    
   17.9512520       12500.0000    
   17.6716156       12600.0000    
   17.3963394       12700.0000    
   17.1253510       12800.0000    
   16.8585815       12900.0000    
   16.5959682       13000.0000    
   16.3374481       13100.0000    
   16.0829506       13200.0000    
   15.8324223       13300.0000    
   15.5857925       13400.0000    
   15.3430099       13500.0000    
   15.1040030       13600.0000    
   14.8687210       13700.0000    
   14.6371059       13800.0000    
   14.4090967       13900.0000    
   14.1846428       14000.0000    
   13.9636822       14100.0000    
   13.7461653       14200.0000    
   13.5320349       14300.0000    
   13.3212404       14400.0000    
   13.1137314       14500.0000    
   12.9094524       14600.0000    
   12.7083588       14700.0000    
   12.5103931       14800.0000    
   12.3155155       14900.0000    
   12.1236715       15000.0000    
   11.9348154       15100.0000    
   11.7489033       15200.0000    
   11.5658846       15300.0000    
   11.3857193       15400.0000    
   11.2083588       15500.0000    
   11.0337610       15600.0000    
   10.8618841       15700.0000    
   10.6926842       15800.0000    
   10.5261211       15900.0000    
   10.3621502       16000.0000    
   10.2007360       16100.0000    
   10.0418348       16200.0000    
   9.88540745       16300.0000    
   9.73141956       16400.0000    
   9.57982922       16500.0000    
   9.43060112       16600.0000    
   9.28369617       16700.0000    
   9.13908195       16800.0000    
   8.99671841       16900.0000    
   8.85657120       17000.0000    
   8.71860981       17100.0000    
   8.58279610       17200.0000    
   8.44909954       17300.0000    
   8.31748390       17400.0000    
   8.18791962       17500.0000    
   8.06037235       17600.0000    
   7.93481207       17700.0000    
   7.81120968       17800.0000    
   7.68953085       17900.0000    
   7.56974840       18000.0000    
   7.45183086       18100.0000    
   7.33575201       18200.0000    
   7.22147942       18300.0000    
   7.10898685       18400.0000    
   6.99824810       18500.0000    
   6.88923264       18600.0000    
   6.78191757       18700.0000    
   6.67627239       18800.0000    
   6.57227421       18900.0000    
   6.46989441       19000.0000    
   6.36910963       19100.0000    
   6.26989651       19200.0000    
   6.17222691       19300.0000    
   6.07608080       19400.0000    
   5.98143053       19500.0000    
   5.88825655       19600.0000    
   5.79653168       19700.0000    
   5.70623684       19800.0000    
   5.61734915       19900.0000    
   5.52984476       20000.0000    
   5.44370461       20100.0000    
   5.35890579       20200.0000    
   5.27542830       20300.0000    
   5.19325066       20400.0000    
   5.11235285       20500.0000    
   5.03271627       20600.0000    
   4.95431900       20700.0000    
   4.87714434       20800.0000    
   4.80117083       20900.0000    
   4.72638178       21000.0000    
   4.65275669       21100.0000    
   4.58027792       21200.0000    
   4.50892973       21300.0000    
   4.43869209       21400.0000    
   4.36954927       21500.0000    
   4.30148268       21600.0000    
   4.23447752       21700.0000    
   4.16851473       21800.0000    
   4.10358000       21900.0000    
   4.03965712       22000.0000    
   3.97672963       22100.0000    
   3.91478300       22200.0000    
   3.85380054       22300.0000    
   3.79376793       22400.0000    
   3.73467159       22500.0000    
   3.67649460       22600.0000    
   3.61922479       22700.0000    
   3.56284618       22800.0000    
   3.50734687       22900.0000    
   3.45271111       23000.0000    
   3.39892673       23100.0000    
   3.34598064       23200.0000    
   3.29385877       23300.0000    
   3.24254942       23400.0000    
   3.19203877       23500.0000    
   3.14231515       23600.0000    
   3.09336591       23700.0000    
   3.04517913       23800.0000    
   2.99774361       23900.0000    
   2.95104623       24000.0000    
   2.90507674       24100.0000    
   2.85982299       24200.0000    
   2.81527495       24300.0000    
   2.77142000       24400.0000    
   2.72824812       24500.0000    
   2.68574953       24600.0000    
   2.64391232       24700.0000    
   2.60272741       24800.0000    
   2.56218338       24900.0000    
   2.52227163       25000.0000    
   2.44408250       25100.0000    
   2.40604568       25200.0000    
   2.36865520       25300.0000    
   2.33189297       25400.0000    
   2.29575062       25500.0000    
   2.26021647       25600.0000    
   2.22528005       25700.0000    
   2.19093037       25800.0000    
   2.15715933       25900.0000    
   2.12394834       26000.0000    
   2.09129810       26100.0000    
   2.05919051       26200.0000    
   2.02761841       26300.0000    
   1.99657488       26400.0000    
   1.96604240       26500.0000    
   1.93602252       26600.0000    
   1.90649772       26700.0000    
   1.87746239       26800.0000    
   1.84890735       26900.0000    
   1.82082379       27000.0000    
   1.79320395       27100.0000    
   1.76604164       27200.0000    
   1.73932385       27300.0000    
   1.71304536       27400.0000    
   1.68719804       27500.0000    
   1.66177440       27600.0000    
   1.63676679       27700.0000    
   1.61217046       27800.0000    
   1.58797336       27900.0000    
   1.56417084       28000.0000    
   1.54075611       28100.0000    
   1.51772201       28200.0000    
   1.49506390       28300.0000    
   1.47276962       28400.0000    
   1.45084012       28500.0000    
   1.42926359       28600.0000    
   1.40803564       28700.0000    
   1.38715017       28800.0000    
   1.36660135       28900.0000    
   1.34638321       29000.0000    
   1.32649159       29100.0000    
   1.30691779       29200.0000    
   1.28765762       29300.0000    
   1.26870584       29400.0000    
   1.25005710       29500.0000    
   1.23170614       29600.0000    
   1.21364951       29700.0000    
   1.19587886       29800.0000    
   1.17839086       29900.0000    
   1.16118085       30000.0000    
   1.14424372       30100.0000    
   1.12757659       30200.0000    
   1.11117172       30300.0000    
   1.09502614       30400.0000    
   1.07913530       30500.0000    
   1.06349528       30600.0000    
   1.04810143       30700.0000    
   1.03294945       30800.0000    
   1.01803565       30900.0000    
   1.00335705       31000.0000    
  0.988907099       31100.0000    
  0.974683166       31200.0000    
  0.960681617       31300.0000    
  0.946898580       31400.0000    
  0.933330357       31500.0000    
  0.919974506       31600.0000    
  0.906825244       31700.0000    
  0.893880010       31800.0000    
  0.881135702       31900.0000    
  0.868588686       32000.0000    
  0.856236875       32100.0000    
  0.844074905       32200.0000    
  0.832100630       32300.0000    
  0.820310771       32400.0000    
  0.808702469       32500.0000    
  0.797272742       32600.0000    
  0.786018431       32700.0000    
  0.774936676       32800.0000    
  0.764025748       32900.0000    
  0.753280759       33000.0000    
  0.742699862       33100.0000    
  0.732280552       33200.0000    
  0.722019911       33300.0000    
  0.711916506       33400.0000    
  0.701965749       33500.0000    
  0.692166090       33600.0000    
  0.682515204       33700.0000    
  0.673010290       33800.0000    
  0.663649440       33900.0000    
  0.654430687       34000.0000    
  0.645350337       34100.0000    
  0.636406839       34200.0000    
  0.627598047       34300.0000    
  0.618921697       34400.0000    
  0.610375702       34500.0000    
  0.601958573       34600.0000    
  0.593666196       34700.0000    
  0.585499287       34800.0000    
  0.577453792       34900.0000    
  0.569528401       35000.0000    
  0.561721206       35100.0000    
  0.554030299       35200.0000    
  0.546454489       35300.0000    
  0.538990438       35400.0000    
  0.531637311       35500.0000    
  0.524393141       35600.0000    
  0.517256200       35700.0000    
  0.510224819       35800.0000    
  0.503297806       35900.0000    
  0.496472508       36000.0000    
  0.489747703       36100.0000    
  0.483121842       36200.0000    
  0.476593405       36300.0000    
  0.470160902       36400.0000    
  0.463823169       36500.0000    
  0.457577229       36600.0000    
  0.451423734       36700.0000    
  0.445359588       36800.0000    
  0.439383954       36900.0000    
  0.433495998       37000.0000    
  0.427692771       37100.0000    
  0.421974897       37200.0000    
  0.416339636       37300.0000    
  0.410786122       37400.0000    
  0.405313134       37500.0000    
  0.399919301       37600.0000    
  0.394603461       37700.0000    
  0.389364898       37800.0000    
  0.384201437       37900.0000    
  0.379112363       38000.0000    
  0.374096572       38100.0000    
  0.369152844       38200.0000    
  0.364280492       38300.0000    
  0.359477699       38400.0000    
  0.354743212       38500.0000    
  0.350076944       38600.0000    
  0.345477730       38700.0000    
  0.340943754       38800.0000    
  0.336474866       38900.0000    
  0.332068771       39000.0000    
  0.327725977       39100.0000    
  0.323445022       39200.0000    
  0.319224566       39300.0000    
  0.315064281       39400.0000    
  0.310962230       39500.0000    
  0.306918472       39600.0000    
  0.302932292       39700.0000    
  0.299001962       39800.0000    
  0.295127094       39900.0000    
  0.291306764       40000.0000    
  0.287540197       40100.0000    
  0.283826530       40200.0000    
  0.280165255       40300.0000    
  0.276554704       40400.0000    
  0.272995323       40500.0000    
  0.269485414       40600.0000    
  0.266024560       40700.0000    
  0.262612253       40800.0000    
  0.259246975       40900.0000    
  0.255929083       41000.0000    
  0.252657115       41100.0000    
  0.249430493       41200.0000    
  0.246248469       41300.0000    
  0.243111074       41400.0000    
  0.240016788       41500.0000    
  0.236965656       41600.0000    
  0.233956322       41700.0000    
  0.230988324       41800.0000    
  0.228061661       41900.0000    
  0.225175127       42000.0000    
  0.222328499       42100.0000    
  0.219520733       42200.0000    
  0.216751263       42300.0000    
  0.214019999       42400.0000    
  0.211326391       42500.0000    
  0.208669290       42600.0000    
  0.206048831       42700.0000    
  0.203463629       42800.0000    
  0.200913891       42900.0000    
  0.198399156       43000.0000    
  0.195918277       43100.0000    
  0.193471447       43200.0000    
  0.191057339       43300.0000    
  0.188676164       43400.0000    
  0.186327279       43500.0000    
  0.184010357       43600.0000    
  0.181724727       43700.0000    
  0.179469585       43800.0000    
  0.177244961       43900.0000    
  0.175050408       44000.0000    
  0.172885522       44100.0000    
  0.170749322       44200.0000    
  0.168642223       44300.0000    
  0.166563168       44400.0000    
  0.164512008       44500.0000    
  0.162488088       44600.0000    
  0.160491556       44700.0000    
  0.158521682       44800.0000    
  0.156577930       44900.0000    
  0.154660091       45000.0000    
  0.152767584       45100.0000    
  0.150900587       45200.0000    
  0.149058387       45300.0000    
  0.147240430       45400.0000    
  0.145446599       45500.0000    
  0.143676370       45600.0000    
  0.141929835       45700.0000    
  0.140206248       45800.0000    
  0.138505504       45900.0000    
  0.136827081       46000.0000    
  0.135170579       46100.0000    
  0.133536041       46200.0000    
  0.131923124       46300.0000    
  0.130331337       46400.0000    
  0.128760323       46500.0000    
  0.127209738       46600.0000    
  0.125679597       46700.0000    
  0.124169543       46800.0000    
  0.122679122       46900.0000    
  0.121208228       47000.0000    
  0.119756274       47100.0000    
  0.118323334       47200.0000    
  0.116909042       47300.0000    
  0.115513220       47400.0000    
  0.114135526       47500.0000    
  0.112775438       47600.0000    
  0.111433074       47700.0000    
  0.110108078       47800.0000    
  0.108800322       47900.0000    
  0.107509218       48000.0000    
  0.106234983       48100.0000    
  0.104977056       48200.0000    
  0.103735298       48300.0000    
  0.102509417       48400.0000    
  0.101299480       48500.0000    
  0.100105062       48600.0000    
   9.89258438E-02   48700.0000    
   9.77617204E-02   48800.0000    
   9.66123864E-02   48900.0000    
   9.54779387E-02   49000.0000    
   9.43579450E-02   49100.0000    
   9.32521597E-02   49200.0000    
   9.21604335E-02   49300.0000    
   9.10825282E-02   49400.0000    
   9.00183991E-02   49500.0000    
   8.89678672E-02   49600.0000    
   8.79306644E-02   49700.0000    
   8.69065151E-02   49800.0000    
   8.58952329E-02   49900.0000    
   8.48968253E-02   50000.0000    
