   15.0400000       0.00000000    
   14.3909998       100.000000    
   13.7419996       200.000000    
   13.0930004       300.000000    
   12.4440002       400.000000    
   11.7950001       500.000000    
   11.1459999       600.000000    
   10.4969997       700.000000    
   9.84799957       800.000000    
   9.19899940       900.000000    
   8.54999924       1000.00000    
   7.90100002       1100.00000    
   7.25199986       1200.00000    
   6.60299969       1300.00000    
   5.95399952       1400.00000    
   5.30500031       1500.00000    
   4.65600014       1600.00000    
   4.00699997       1700.00000    
   3.35799980       1800.00000    
   2.70899963       1900.00000    
   2.05999947       2000.00000    
   1.41100025       2100.00000    
  0.762000084       2200.00000    
  0.112999916       2300.00000    
 -0.536000252       2400.00000    
  -1.18500042       2500.00000    
  -1.83400059       2600.00000    
  -2.48300076       2700.00000    
  -3.13200092       2800.00000    
  -3.78100109       2900.00000    
  -4.42999935       3000.00000    
  -5.07899952       3100.00000    
  -5.72799969       3200.00000    
  -6.37699986       3300.00000    
  -7.02600002       3400.00000    
  -7.67500019       3500.00000    
  -8.32400036       3600.00000    
  -8.97300053       3700.00000    
  -9.62200069       3800.00000    
  -10.2710009       3900.00000    
  -10.9200010       4000.00000    
  -11.5690012       4100.00000    
  -12.2179995       4200.00000    
  -12.8669996       4300.00000    
  -13.5159998       4400.00000    
  -14.1650000       4500.00000    
  -14.8140001       4600.00000    
  -15.4630003       4700.00000    
  -16.1119995       4800.00000    
  -16.7610016       4900.00000    
  -17.4099998       5000.00000    
  -18.0589981       5100.00000    
  -18.7080002       5200.00000    
  -19.3569984       5300.00000    
  -20.0060005       5400.00000    
  -20.6549988       5500.00000    
  -21.3040009       5600.00000    
  -21.9529991       5700.00000    
  -22.6020012       5800.00000    
  -23.2509995       5900.00000    
  -23.8999977       6000.00000    
  -24.5489998       6100.00000    
  -25.1979980       6200.00000    
  -25.8470001       6300.00000    
  -26.4959984       6400.00000    
  -27.1450005       6500.00000    
  -27.7939987       6600.00000    
  -28.4430008       6700.00000    
  -29.0919991       6800.00000    
  -29.7410011       6900.00000    
  -30.3899994       7000.00000    
  -31.0389977       7100.00000    
  -31.6879997       7200.00000    
  -32.3369980       7300.00000    
  -32.9860001       7400.00000    
  -33.6349983       7500.00000    
  -34.2840004       7600.00000    
  -34.9329987       7700.00000    
  -35.5820007       7800.00000    
  -36.2309990       7900.00000    
  -36.8800011       8000.00000    
  -37.5289993       8100.00000    
  -38.1780014       8200.00000    
  -38.8269997       8300.00000    
  -39.4759979       8400.00000    
  -40.1250000       8500.00000    
  -40.7739983       8600.00000    
  -41.4230003       8700.00000    
  -42.0719986       8800.00000    
  -42.7210007       8900.00000    
  -43.3699989       9000.00000    
  -44.0190010       9100.00000    
  -44.6679993       9200.00000    
  -45.3170013       9300.00000    
  -45.9659996       9400.00000    
  -46.6149979       9500.00000    
  -47.2639999       9600.00000    
  -47.9129982       9700.00000    
  -48.5620003       9800.00000    
  -49.2109985       9900.00000    
  -49.8600006       10000.0000    
  -50.5090027       10100.0000    
  -51.1579971       10200.0000    
  -51.8069992       10300.0000    
  -52.4560013       10400.0000    
  -53.1050034       10500.0000    
  -53.7539978       10600.0000    
  -54.4029999       10700.0000    
  -55.0520020       10800.0000    
  -55.7009964       10900.0000    
  -56.3499985       11000.0000    
  -56.4599991       11100.0000    
  -56.4599991       11200.0000    
  -56.4599991       11300.0000    
  -56.4599991       11400.0000    
  -56.4599991       11500.0000    
  -56.4599991       11600.0000    
  -56.4599991       11700.0000    
  -56.4599991       11800.0000    
  -56.4599991       11900.0000    
  -56.4599991       12000.0000    
  -56.4599991       12100.0000    
  -56.4599991       12200.0000    
  -56.4599991       12300.0000    
  -56.4599991       12400.0000    
  -56.4599991       12500.0000    
  -56.4599991       12600.0000    
  -56.4599991       12700.0000    
  -56.4599991       12800.0000    
  -56.4599991       12900.0000    
  -56.4599991       13000.0000    
  -56.4599991       13100.0000    
  -56.4599991       13200.0000    
  -56.4599991       13300.0000    
  -56.4599991       13400.0000    
  -56.4599991       13500.0000    
  -56.4599991       13600.0000    
  -56.4599991       13700.0000    
  -56.4599991       13800.0000    
  -56.4599991       13900.0000    
  -56.4599991       14000.0000    
  -56.4599991       14100.0000    
  -56.4599991       14200.0000    
  -56.4599991       14300.0000    
  -56.4599991       14400.0000    
  -56.4599991       14500.0000    
  -56.4599991       14600.0000    
  -56.4599991       14700.0000    
  -56.4599991       14800.0000    
  -56.4599991       14900.0000    
  -56.4599991       15000.0000    
  -56.4599991       15100.0000    
  -56.4599991       15200.0000    
  -56.4599991       15300.0000    
  -56.4599991       15400.0000    
  -56.4599991       15500.0000    
  -56.4599991       15600.0000    
  -56.4599991       15700.0000    
  -56.4599991       15800.0000    
  -56.4599991       15900.0000    
  -56.4599991       16000.0000    
  -56.4599991       16100.0000    
  -56.4599991       16200.0000    
  -56.4599991       16300.0000    
  -56.4599991       16400.0000    
  -56.4599991       16500.0000    
  -56.4599991       16600.0000    
  -56.4599991       16700.0000    
  -56.4599991       16800.0000    
  -56.4599991       16900.0000    
  -56.4599991       17000.0000    
  -56.4599991       17100.0000    
  -56.4599991       17200.0000    
  -56.4599991       17300.0000    
  -56.4599991       17400.0000    
  -56.4599991       17500.0000    
  -56.4599991       17600.0000    
  -56.4599991       17700.0000    
  -56.4599991       17800.0000    
  -56.4599991       17900.0000    
  -56.4599991       18000.0000    
  -56.4599991       18100.0000    
  -56.4599991       18200.0000    
  -56.4599991       18300.0000    
  -56.4599991       18400.0000    
  -56.4599991       18500.0000    
  -56.4599991       18600.0000    
  -56.4599991       18700.0000    
  -56.4599991       18800.0000    
  -56.4599991       18900.0000    
  -56.4599991       19000.0000    
  -56.4599991       19100.0000    
  -56.4599991       19200.0000    
  -56.4599991       19300.0000    
  -56.4599991       19400.0000    
  -56.4599991       19500.0000    
  -56.4599991       19600.0000    
  -56.4599991       19700.0000    
  -56.4599991       19800.0000    
  -56.4599991       19900.0000    
  -56.4599991       20000.0000    
  -56.4599991       20100.0000    
  -56.4599991       20200.0000    
  -56.4599991       20300.0000    
  -56.4599991       20400.0000    
  -56.4599991       20500.0000    
  -56.4599991       20600.0000    
  -56.4599991       20700.0000    
  -56.4599991       20800.0000    
  -56.4599991       20900.0000    
  -56.4599991       21000.0000    
  -56.4599991       21100.0000    
  -56.4599991       21200.0000    
  -56.4599991       21300.0000    
  -56.4599991       21400.0000    
  -56.4599991       21500.0000    
  -56.4599991       21600.0000    
  -56.4599991       21700.0000    
  -56.4599991       21800.0000    
  -56.4599991       21900.0000    
  -56.4599991       22000.0000    
  -56.4599991       22100.0000    
  -56.4599991       22200.0000    
  -56.4599991       22300.0000    
  -56.4599991       22400.0000    
  -56.4599991       22500.0000    
  -56.4599991       22600.0000    
  -56.4599991       22700.0000    
  -56.4599991       22800.0000    
  -56.4599991       22900.0000    
  -56.4599991       23000.0000    
  -56.4599991       23100.0000    
  -56.4599991       23200.0000    
  -56.4599991       23300.0000    
  -56.4599991       23400.0000    
  -56.4599991       23500.0000    
  -56.4599991       23600.0000    
  -56.4599991       23700.0000    
  -56.4599991       23800.0000    
  -56.4599991       23900.0000    
  -56.4599991       24000.0000    
  -56.4599991       24100.0000    
  -56.4599991       24200.0000    
  -56.4599991       24300.0000    
  -56.4599991       24400.0000    
  -56.4599991       24500.0000    
  -56.4599991       24600.0000    
  -56.4599991       24700.0000    
  -56.4599991       24800.0000    
  -56.4599991       24900.0000    
  -56.4599991       25000.0000    
  -56.1610107       25100.0000    
  -55.8620071       25200.0000    
  -55.5630112       25300.0000    
  -55.2640076       25400.0000    
  -54.9650116       25500.0000    
  -54.6660080       25600.0000    
  -54.3670044       25700.0000    
  -54.0680084       25800.0000    
  -53.7690048       25900.0000    
  -53.4700089       26000.0000    
  -53.1710052       26100.0000    
  -52.8720093       26200.0000    
  -52.5730057       26300.0000    
  -52.2740097       26400.0000    
  -51.9750061       26500.0000    
  -51.6760101       26600.0000    
  -51.3770065       26700.0000    
  -51.0780106       26800.0000    
  -50.7790070       26900.0000    
  -50.4800110       27000.0000    
  -50.1810074       27100.0000    
  -49.8820114       27200.0000    
  -49.5830078       27300.0000    
  -49.2840118       27400.0000    
  -48.9850082       27500.0000    
  -48.6860046       27600.0000    
  -48.3870087       27700.0000    
  -48.0880051       27800.0000    
  -47.7890091       27900.0000    
  -47.4900055       28000.0000    
  -47.1910095       28100.0000    
  -46.8920059       28200.0000    
  -46.5930099       28300.0000    
  -46.2940063       28400.0000    
  -45.9950104       28500.0000    
  -45.6960068       28600.0000    
  -45.3970108       28700.0000    
  -45.0980072       28800.0000    
  -44.7990112       28900.0000    
  -44.5000076       29000.0000    
  -44.2010117       29100.0000    
  -43.9020081       29200.0000    
  -43.6030045       29300.0000    
  -43.3040085       29400.0000    
  -43.0050049       29500.0000    
  -42.7060089       29600.0000    
  -42.4070053       29700.0000    
  -42.1080093       29800.0000    
  -41.8090057       29900.0000    
  -41.5100098       30000.0000    
  -41.2110062       30100.0000    
  -40.9120102       30200.0000    
  -40.6130066       30300.0000    
  -40.3140106       30400.0000    
  -40.0150070       30500.0000    
  -39.7160110       30600.0000    
  -39.4170074       30700.0000    
  -39.1180115       30800.0000    
  -38.8190079       30900.0000    
  -38.5200119       31000.0000    
  -38.2210083       31100.0000    
  -37.9220047       31200.0000    
  -37.6230087       31300.0000    
  -37.3240051       31400.0000    
  -37.0250092       31500.0000    
  -36.7260056       31600.0000    
  -36.4270096       31700.0000    
  -36.1280060       31800.0000    
  -35.8290100       31900.0000    
  -35.5300064       32000.0000    
  -35.2310104       32100.0000    
  -34.9320068       32200.0000    
  -34.6330109       32300.0000    
  -34.3340073       32400.0000    
  -34.0350113       32500.0000    
  -33.7360077       32600.0000    
  -33.4370117       32700.0000    
  -33.1380081       32800.0000    
  -32.8390121       32900.0000    
  -32.5400085       33000.0000    
  -32.2410049       33100.0000    
  -31.9420090       33200.0000    
  -31.6430054       33300.0000    
  -31.3440094       33400.0000    
  -31.0450058       33500.0000    
  -30.7460098       33600.0000    
  -30.4470062       33700.0000    
  -30.1480103       33800.0000    
  -29.8490067       33900.0000    
  -29.5500107       34000.0000    
  -29.2510071       34100.0000    
  -28.9520111       34200.0000    
  -28.6530075       34300.0000    
  -28.3540115       34400.0000    
  -28.0550079       34500.0000    
  -27.7560120       34600.0000    
  -27.4570084       34700.0000    
  -27.1580048       34800.0000    
  -26.8590088       34900.0000    
  -26.5600052       35000.0000    
  -26.2610092       35100.0000    
  -25.9620056       35200.0000    
  -25.6630096       35300.0000    
  -25.3640060       35400.0000    
  -25.0650101       35500.0000    
  -24.7660065       35600.0000    
  -24.4670105       35700.0000    
  -24.1680069       35800.0000    
  -23.8690109       35900.0000    
  -23.5700073       36000.0000    
  -23.2710114       36100.0000    
  -22.9720078       36200.0000    
  -22.6730118       36300.0000    
  -22.3740082       36400.0000    
  -22.0750122       36500.0000    
  -21.7760086       36600.0000    
  -21.4770050       36700.0000    
  -21.1780090       36800.0000    
  -20.8790054       36900.0000    
  -20.5800095       37000.0000    
  -20.2810059       37100.0000    
  -19.9820099       37200.0000    
  -19.6830063       37300.0000    
  -19.3840103       37400.0000    
  -19.0850067       37500.0000    
  -18.7860107       37600.0000    
  -18.4870071       37700.0000    
  -18.1880112       37800.0000    
  -17.8890076       37900.0000    
  -17.5900116       38000.0000    
  -17.2910080       38100.0000    
  -16.9920120       38200.0000    
  -16.6930084       38300.0000    
  -16.3940125       38400.0000    
  -16.0950089       38500.0000    
  -15.7960052       38600.0000    
  -15.4970093       38700.0000    
  -15.1980057       38800.0000    
  -14.8990097       38900.0000    
  -14.6000061       39000.0000    
  -14.3010101       39100.0000    
  -14.0020065       39200.0000    
  -13.7030106       39300.0000    
  -13.4040070       39400.0000    
  -13.1050110       39500.0000    
  -12.8060074       39600.0000    
  -12.5070114       39700.0000    
  -12.2080078       39800.0000    
  -11.9090118       39900.0000    
  -11.6100082       40000.0000    
  -11.3110123       40100.0000    
  -11.0120087       40200.0000    
  -10.7130051       40300.0000    
  -10.4140091       40400.0000    
  -10.1150055       40500.0000    
  -9.81600952       40600.0000    
  -9.51700592       40700.0000    
  -9.21800995       40800.0000    
  -8.91900635       40900.0000    
  -8.62001038       41000.0000    
  -8.32100677       41100.0000    
  -8.02201080       41200.0000    
  -7.72300720       41300.0000    
  -7.42401123       41400.0000    
  -7.12500763       41500.0000    
  -6.82601166       41600.0000    
  -6.52700806       41700.0000    
  -6.22801208       41800.0000    
  -5.92900848       41900.0000    
  -5.63001251       42000.0000    
  -5.33100891       42100.0000    
  -5.03200531       42200.0000    
  -4.73300934       42300.0000    
  -4.43400574       42400.0000    
  -4.13500977       42500.0000    
  -3.83600616       42600.0000    
  -3.53701019       42700.0000    
  -3.23800659       42800.0000    
  -2.93901062       42900.0000    
  -2.64001465       43000.0000    
  -2.34100342       43100.0000    
  -2.04200745       43200.0000    
  -1.74301147       43300.0000    
  -1.44401550       43400.0000    
  -1.14500427       43500.0000    
 -0.846008301       43600.0000    
 -0.547012329       43700.0000    
 -0.248016357       43800.0000    
   5.09948730E-02   43900.0000    
  0.349990845       44000.0000    
  0.648986816       44100.0000    
  0.947998047       44200.0000    
   1.24699402       44300.0000    
   1.54598999       44400.0000    
   1.84498596       44500.0000    
   2.14399719       44600.0000    
   2.44299316       44700.0000    
   2.74198914       44800.0000    
   3.04098511       44900.0000    
   3.33999634       45000.0000    
   3.63899231       45100.0000    
   3.93798828       45200.0000    
   4.23698425       45300.0000    
   4.53599548       45400.0000    
   4.83499146       45500.0000    
   5.13398743       45600.0000    
   5.43298340       45700.0000    
   5.73199463       45800.0000    
   6.03099060       45900.0000    
   6.32998657       46000.0000    
   6.62899780       46100.0000    
   6.92799377       46200.0000    
   7.22698975       46300.0000    
   7.52598572       46400.0000    
   7.82499695       46500.0000    
   8.12399292       46600.0000    
   8.42298889       46700.0000    
   8.72198486       46800.0000    
   9.02099609       46900.0000    
   9.31999207       47000.0000    
   9.61898804       47100.0000    
   9.91798401       47200.0000    
   10.2169952       47300.0000    
   10.5159912       47400.0000    
   10.8149872       47500.0000    
   11.1139984       47600.0000    
   11.4129944       47700.0000    
   11.7119904       47800.0000    
   12.0109863       47900.0000    
   12.3099976       48000.0000    
   12.6089935       48100.0000    
   12.9079895       48200.0000    
   13.2069855       48300.0000    
   13.5059967       48400.0000    
   13.8049927       48500.0000    
   14.1039886       48600.0000    
   14.4029846       48700.0000    
   14.7019958       48800.0000    
   15.0009918       48900.0000    
   15.2999878       49000.0000    
   15.5989838       49100.0000    
   15.8979950       49200.0000    
   16.1969910       49300.0000    
   16.4959869       49400.0000    
   16.7949982       49500.0000    
   17.0939941       49600.0000    
   17.3929901       49700.0000    
   17.6919861       49800.0000    
   17.9909973       49900.0000    
   18.2899933       50000.0000    
